{
 "cells": [
  {
   "cell_type": "code",
   "execution_count": 1,
   "metadata": {},
   "outputs": [],
   "source": [
    "import numpy as np\n",
    "import pandas as pd\n",
    "import utils\n",
    "from dataset import DatasetObject,import_dataframe\n",
    "# from external.yousefi import dataset as external_dataset\n",
    "from sklearn.preprocessing import OneHotEncoder,MinMaxScaler"
   ]
  },
  {
   "cell_type": "markdown",
   "metadata": {},
   "source": [
    "# Test"
   ]
  },
  {
   "cell_type": "code",
   "execution_count": 2,
   "metadata": {
    "scrolled": true
   },
   "outputs": [
    {
     "name": "stdout",
     "output_type": "stream",
     "text": [
      "Found 8 files.\n",
      "input_user1.csv annotation_user1.csv user1.csv\n",
      "input_user2.csv annotation_user2.csv user2.csv\n",
      "input_user3.csv annotation_user3.csv user3.csv\n",
      "input_user4.csv annotation_user4.csv user4.csv\n",
      "input_user5.csv annotation_user5.csv user5.csv\n",
      "input_user6.csv annotation_user6.csv user6.csv\n",
      "input_user7.csv annotation_user7.csv user7.csv\n",
      "input_user8.csv annotation_user8.csv user8.csv\n"
     ]
    }
   ],
   "source": [
    "folderpath2 = \"./data/exp_2\"  # CHANGE THIS IF THE PATH CHANGED\n",
    "df_exp2 = import_dataframe(folderpath2) # CHANGE THIS IF THE PATH CHANGED"
   ]
  },
  {
   "cell_type": "code",
   "execution_count": 3,
   "metadata": {},
   "outputs": [
    {
     "data": {
      "text/html": [
       "<div>\n",
       "<style scoped>\n",
       "    .dataframe tbody tr th:only-of-type {\n",
       "        vertical-align: middle;\n",
       "    }\n",
       "\n",
       "    .dataframe tbody tr th {\n",
       "        vertical-align: top;\n",
       "    }\n",
       "\n",
       "    .dataframe thead th {\n",
       "        text-align: right;\n",
       "    }\n",
       "</style>\n",
       "<table border=\"1\" class=\"dataframe\">\n",
       "  <thead>\n",
       "    <tr style=\"text-align: right;\">\n",
       "      <th></th>\n",
       "      <th>time</th>\n",
       "      <th>unknown_1</th>\n",
       "      <th>amp_1</th>\n",
       "      <th>amp_2</th>\n",
       "      <th>amp_3</th>\n",
       "      <th>amp_4</th>\n",
       "      <th>amp_5</th>\n",
       "      <th>amp_6</th>\n",
       "      <th>amp_7</th>\n",
       "      <th>amp_8</th>\n",
       "      <th>...</th>\n",
       "      <th>amp_83</th>\n",
       "      <th>amp_84</th>\n",
       "      <th>amp_85</th>\n",
       "      <th>amp_86</th>\n",
       "      <th>amp_87</th>\n",
       "      <th>amp_88</th>\n",
       "      <th>amp_89</th>\n",
       "      <th>amp_90</th>\n",
       "      <th>user</th>\n",
       "      <th>label</th>\n",
       "    </tr>\n",
       "  </thead>\n",
       "  <tbody>\n",
       "    <tr>\n",
       "      <th>0</th>\n",
       "      <td>12.840</td>\n",
       "      <td>1.563800e+15</td>\n",
       "      <td>23.213</td>\n",
       "      <td>29.665</td>\n",
       "      <td>34.190</td>\n",
       "      <td>37.705</td>\n",
       "      <td>42.503</td>\n",
       "      <td>44.643</td>\n",
       "      <td>43.969</td>\n",
       "      <td>43.759</td>\n",
       "      <td>...</td>\n",
       "      <td>30.475</td>\n",
       "      <td>36.271</td>\n",
       "      <td>41.809</td>\n",
       "      <td>46.564</td>\n",
       "      <td>50.021</td>\n",
       "      <td>52.826</td>\n",
       "      <td>57.838</td>\n",
       "      <td>57.896</td>\n",
       "      <td>user1.csv</td>\n",
       "      <td>noactivity</td>\n",
       "    </tr>\n",
       "    <tr>\n",
       "      <th>1</th>\n",
       "      <td>12.841</td>\n",
       "      <td>1.563800e+15</td>\n",
       "      <td>23.278</td>\n",
       "      <td>29.692</td>\n",
       "      <td>34.213</td>\n",
       "      <td>37.734</td>\n",
       "      <td>42.555</td>\n",
       "      <td>44.690</td>\n",
       "      <td>44.095</td>\n",
       "      <td>43.828</td>\n",
       "      <td>...</td>\n",
       "      <td>30.417</td>\n",
       "      <td>36.282</td>\n",
       "      <td>41.849</td>\n",
       "      <td>46.588</td>\n",
       "      <td>50.071</td>\n",
       "      <td>52.854</td>\n",
       "      <td>57.869</td>\n",
       "      <td>58.013</td>\n",
       "      <td>user1.csv</td>\n",
       "      <td>noactivity</td>\n",
       "    </tr>\n",
       "    <tr>\n",
       "      <th>2</th>\n",
       "      <td>12.842</td>\n",
       "      <td>1.563800e+15</td>\n",
       "      <td>23.353</td>\n",
       "      <td>29.725</td>\n",
       "      <td>34.235</td>\n",
       "      <td>37.772</td>\n",
       "      <td>42.623</td>\n",
       "      <td>44.755</td>\n",
       "      <td>44.248</td>\n",
       "      <td>43.915</td>\n",
       "      <td>...</td>\n",
       "      <td>30.351</td>\n",
       "      <td>36.299</td>\n",
       "      <td>41.905</td>\n",
       "      <td>46.623</td>\n",
       "      <td>50.134</td>\n",
       "      <td>52.898</td>\n",
       "      <td>57.908</td>\n",
       "      <td>58.157</td>\n",
       "      <td>user1.csv</td>\n",
       "      <td>noactivity</td>\n",
       "    </tr>\n",
       "    <tr>\n",
       "      <th>3</th>\n",
       "      <td>12.843</td>\n",
       "      <td>1.563800e+15</td>\n",
       "      <td>23.424</td>\n",
       "      <td>29.764</td>\n",
       "      <td>34.261</td>\n",
       "      <td>37.808</td>\n",
       "      <td>42.682</td>\n",
       "      <td>44.812</td>\n",
       "      <td>44.380</td>\n",
       "      <td>43.992</td>\n",
       "      <td>...</td>\n",
       "      <td>30.322</td>\n",
       "      <td>36.340</td>\n",
       "      <td>41.976</td>\n",
       "      <td>46.677</td>\n",
       "      <td>50.210</td>\n",
       "      <td>52.957</td>\n",
       "      <td>57.952</td>\n",
       "      <td>58.275</td>\n",
       "      <td>user1.csv</td>\n",
       "      <td>noactivity</td>\n",
       "    </tr>\n",
       "    <tr>\n",
       "      <th>4</th>\n",
       "      <td>12.844</td>\n",
       "      <td>1.563800e+15</td>\n",
       "      <td>23.497</td>\n",
       "      <td>29.806</td>\n",
       "      <td>34.288</td>\n",
       "      <td>37.846</td>\n",
       "      <td>42.745</td>\n",
       "      <td>44.873</td>\n",
       "      <td>44.516</td>\n",
       "      <td>44.072</td>\n",
       "      <td>...</td>\n",
       "      <td>30.297</td>\n",
       "      <td>36.387</td>\n",
       "      <td>42.054</td>\n",
       "      <td>46.738</td>\n",
       "      <td>50.290</td>\n",
       "      <td>53.024</td>\n",
       "      <td>58.000</td>\n",
       "      <td>58.397</td>\n",
       "      <td>user1.csv</td>\n",
       "      <td>noactivity</td>\n",
       "    </tr>\n",
       "  </tbody>\n",
       "</table>\n",
       "<p>5 rows × 94 columns</p>\n",
       "</div>"
      ],
      "text/plain": [
       "     time     unknown_1   amp_1   amp_2   amp_3   amp_4   amp_5   amp_6  \\\n",
       "0  12.840  1.563800e+15  23.213  29.665  34.190  37.705  42.503  44.643   \n",
       "1  12.841  1.563800e+15  23.278  29.692  34.213  37.734  42.555  44.690   \n",
       "2  12.842  1.563800e+15  23.353  29.725  34.235  37.772  42.623  44.755   \n",
       "3  12.843  1.563800e+15  23.424  29.764  34.261  37.808  42.682  44.812   \n",
       "4  12.844  1.563800e+15  23.497  29.806  34.288  37.846  42.745  44.873   \n",
       "\n",
       "    amp_7   amp_8  ...  amp_83  amp_84  amp_85  amp_86  amp_87  amp_88  \\\n",
       "0  43.969  43.759  ...  30.475  36.271  41.809  46.564  50.021  52.826   \n",
       "1  44.095  43.828  ...  30.417  36.282  41.849  46.588  50.071  52.854   \n",
       "2  44.248  43.915  ...  30.351  36.299  41.905  46.623  50.134  52.898   \n",
       "3  44.380  43.992  ...  30.322  36.340  41.976  46.677  50.210  52.957   \n",
       "4  44.516  44.072  ...  30.297  36.387  42.054  46.738  50.290  53.024   \n",
       "\n",
       "   amp_89  amp_90       user       label  \n",
       "0  57.838  57.896  user1.csv  noactivity  \n",
       "1  57.869  58.013  user1.csv  noactivity  \n",
       "2  57.908  58.157  user1.csv  noactivity  \n",
       "3  57.952  58.275  user1.csv  noactivity  \n",
       "4  58.000  58.397  user1.csv  noactivity  \n",
       "\n",
       "[5 rows x 94 columns]"
      ]
     },
     "execution_count": 3,
     "metadata": {},
     "output_type": "execute_result"
    }
   ],
   "source": [
    "df_exp2.head()"
   ]
  },
  {
   "cell_type": "code",
   "execution_count": 4,
   "metadata": {},
   "outputs": [
    {
     "data": {
      "text/html": [
       "<div>\n",
       "<style scoped>\n",
       "    .dataframe tbody tr th:only-of-type {\n",
       "        vertical-align: middle;\n",
       "    }\n",
       "\n",
       "    .dataframe tbody tr th {\n",
       "        vertical-align: top;\n",
       "    }\n",
       "\n",
       "    .dataframe thead th {\n",
       "        text-align: right;\n",
       "    }\n",
       "</style>\n",
       "<table border=\"1\" class=\"dataframe\">\n",
       "  <thead>\n",
       "    <tr style=\"text-align: right;\">\n",
       "      <th></th>\n",
       "      <th>amp_1</th>\n",
       "      <th>amp_2</th>\n",
       "      <th>amp_3</th>\n",
       "      <th>amp_4</th>\n",
       "      <th>amp_5</th>\n",
       "      <th>amp_6</th>\n",
       "      <th>amp_7</th>\n",
       "      <th>amp_8</th>\n",
       "      <th>amp_9</th>\n",
       "      <th>amp_10</th>\n",
       "      <th>...</th>\n",
       "      <th>amp_83</th>\n",
       "      <th>amp_84</th>\n",
       "      <th>amp_85</th>\n",
       "      <th>amp_86</th>\n",
       "      <th>amp_87</th>\n",
       "      <th>amp_88</th>\n",
       "      <th>amp_89</th>\n",
       "      <th>amp_90</th>\n",
       "      <th>user</th>\n",
       "      <th>label</th>\n",
       "    </tr>\n",
       "  </thead>\n",
       "  <tbody>\n",
       "    <tr>\n",
       "      <th>0</th>\n",
       "      <td>23.213</td>\n",
       "      <td>29.665</td>\n",
       "      <td>34.190</td>\n",
       "      <td>37.705</td>\n",
       "      <td>42.503</td>\n",
       "      <td>44.643</td>\n",
       "      <td>43.969</td>\n",
       "      <td>43.759</td>\n",
       "      <td>42.616</td>\n",
       "      <td>44.327</td>\n",
       "      <td>...</td>\n",
       "      <td>30.475</td>\n",
       "      <td>36.271</td>\n",
       "      <td>41.809</td>\n",
       "      <td>46.564</td>\n",
       "      <td>50.021</td>\n",
       "      <td>52.826</td>\n",
       "      <td>57.838</td>\n",
       "      <td>57.896</td>\n",
       "      <td>user1</td>\n",
       "      <td>noactivity</td>\n",
       "    </tr>\n",
       "    <tr>\n",
       "      <th>1</th>\n",
       "      <td>23.278</td>\n",
       "      <td>29.692</td>\n",
       "      <td>34.213</td>\n",
       "      <td>37.734</td>\n",
       "      <td>42.555</td>\n",
       "      <td>44.690</td>\n",
       "      <td>44.095</td>\n",
       "      <td>43.828</td>\n",
       "      <td>42.649</td>\n",
       "      <td>44.397</td>\n",
       "      <td>...</td>\n",
       "      <td>30.417</td>\n",
       "      <td>36.282</td>\n",
       "      <td>41.849</td>\n",
       "      <td>46.588</td>\n",
       "      <td>50.071</td>\n",
       "      <td>52.854</td>\n",
       "      <td>57.869</td>\n",
       "      <td>58.013</td>\n",
       "      <td>user1</td>\n",
       "      <td>noactivity</td>\n",
       "    </tr>\n",
       "    <tr>\n",
       "      <th>2</th>\n",
       "      <td>23.353</td>\n",
       "      <td>29.725</td>\n",
       "      <td>34.235</td>\n",
       "      <td>37.772</td>\n",
       "      <td>42.623</td>\n",
       "      <td>44.755</td>\n",
       "      <td>44.248</td>\n",
       "      <td>43.915</td>\n",
       "      <td>42.683</td>\n",
       "      <td>44.479</td>\n",
       "      <td>...</td>\n",
       "      <td>30.351</td>\n",
       "      <td>36.299</td>\n",
       "      <td>41.905</td>\n",
       "      <td>46.623</td>\n",
       "      <td>50.134</td>\n",
       "      <td>52.898</td>\n",
       "      <td>57.908</td>\n",
       "      <td>58.157</td>\n",
       "      <td>user1</td>\n",
       "      <td>noactivity</td>\n",
       "    </tr>\n",
       "    <tr>\n",
       "      <th>3</th>\n",
       "      <td>23.424</td>\n",
       "      <td>29.764</td>\n",
       "      <td>34.261</td>\n",
       "      <td>37.808</td>\n",
       "      <td>42.682</td>\n",
       "      <td>44.812</td>\n",
       "      <td>44.380</td>\n",
       "      <td>43.992</td>\n",
       "      <td>42.712</td>\n",
       "      <td>44.555</td>\n",
       "      <td>...</td>\n",
       "      <td>30.322</td>\n",
       "      <td>36.340</td>\n",
       "      <td>41.976</td>\n",
       "      <td>46.677</td>\n",
       "      <td>50.210</td>\n",
       "      <td>52.957</td>\n",
       "      <td>57.952</td>\n",
       "      <td>58.275</td>\n",
       "      <td>user1</td>\n",
       "      <td>noactivity</td>\n",
       "    </tr>\n",
       "    <tr>\n",
       "      <th>4</th>\n",
       "      <td>23.497</td>\n",
       "      <td>29.806</td>\n",
       "      <td>34.288</td>\n",
       "      <td>37.846</td>\n",
       "      <td>42.745</td>\n",
       "      <td>44.873</td>\n",
       "      <td>44.516</td>\n",
       "      <td>44.072</td>\n",
       "      <td>42.741</td>\n",
       "      <td>44.633</td>\n",
       "      <td>...</td>\n",
       "      <td>30.297</td>\n",
       "      <td>36.387</td>\n",
       "      <td>42.054</td>\n",
       "      <td>46.738</td>\n",
       "      <td>50.290</td>\n",
       "      <td>53.024</td>\n",
       "      <td>58.000</td>\n",
       "      <td>58.397</td>\n",
       "      <td>user1</td>\n",
       "      <td>noactivity</td>\n",
       "    </tr>\n",
       "  </tbody>\n",
       "</table>\n",
       "<p>5 rows × 92 columns</p>\n",
       "</div>"
      ],
      "text/plain": [
       "    amp_1   amp_2   amp_3   amp_4   amp_5   amp_6   amp_7   amp_8   amp_9  \\\n",
       "0  23.213  29.665  34.190  37.705  42.503  44.643  43.969  43.759  42.616   \n",
       "1  23.278  29.692  34.213  37.734  42.555  44.690  44.095  43.828  42.649   \n",
       "2  23.353  29.725  34.235  37.772  42.623  44.755  44.248  43.915  42.683   \n",
       "3  23.424  29.764  34.261  37.808  42.682  44.812  44.380  43.992  42.712   \n",
       "4  23.497  29.806  34.288  37.846  42.745  44.873  44.516  44.072  42.741   \n",
       "\n",
       "   amp_10  ...  amp_83  amp_84  amp_85  amp_86  amp_87  amp_88  amp_89  \\\n",
       "0  44.327  ...  30.475  36.271  41.809  46.564  50.021  52.826  57.838   \n",
       "1  44.397  ...  30.417  36.282  41.849  46.588  50.071  52.854  57.869   \n",
       "2  44.479  ...  30.351  36.299  41.905  46.623  50.134  52.898  57.908   \n",
       "3  44.555  ...  30.322  36.340  41.976  46.677  50.210  52.957  57.952   \n",
       "4  44.633  ...  30.297  36.387  42.054  46.738  50.290  53.024  58.000   \n",
       "\n",
       "   amp_90   user       label  \n",
       "0  57.896  user1  noactivity  \n",
       "1  58.013  user1  noactivity  \n",
       "2  58.157  user1  noactivity  \n",
       "3  58.275  user1  noactivity  \n",
       "4  58.397  user1  noactivity  \n",
       "\n",
       "[5 rows x 92 columns]"
      ]
     },
     "execution_count": 4,
     "metadata": {},
     "output_type": "execute_result"
    }
   ],
   "source": [
    "df_exp2['user'] = df_exp2['user'].map(lambda x: x.split('.')[0]) # processing step, required\n",
    "df_exp2 = df_exp2.iloc[:,2:]\n",
    "df_exp2.head()"
   ]
  },
  {
   "cell_type": "code",
   "execution_count": 7,
   "metadata": {},
   "outputs": [],
   "source": [
    "\n",
    "def seperate_dataframes(df):\n",
    "    features_ls,labels_ls = [],[]\n",
    "    for user in df['user'].unique():\n",
    "        dataframe = df[df['user']==user]\n",
    "        features = dataframe[[f'amp_{i}' for i in range(1,91)]].to_numpy()\n",
    "#         features = MinMaxScaler().fit_transform(features)\n",
    "        features_ls.append(features)\n",
    "        label = dataframe[['label']].to_numpy()\n",
    "        labels_ls.append(label)\n",
    "    return features_ls,labels_ls\n",
    "\n",
    "df_exp2_X_ls,df_exp2_y_ls = seperate_dataframes(df_exp2)"
   ]
  },
  {
   "cell_type": "code",
   "execution_count": 8,
   "metadata": {},
   "outputs": [
    {
     "name": "stdout",
     "output_type": "stream",
     "text": [
      "index 0 arrays sizes ------ X:  (2009, 1000, 90)  Y:  (2009,)  Z:  (2009,)\n",
      "index 1 arrays sizes ------ X:  (1300, 1000, 90)  Y:  (1300,)  Z:  (1300,)\n",
      "index 2 arrays sizes ------ X:  (959, 1000, 90)  Y:  (959,)  Z:  (959,)\n",
      "index 3 arrays sizes ------ X:  (1272, 1000, 90)  Y:  (1272,)  Z:  (1272,)\n",
      "index 4 arrays sizes ------ X:  (1407, 1000, 90)  Y:  (1407,)  Z:  (1407,)\n",
      "index 5 arrays sizes ------ X:  (905, 1000, 90)  Y:  (905,)  Z:  (905,)\n",
      "index 6 arrays sizes ------ X:  (1171, 1000, 90)  Y:  (1171,)  Z:  (1171,)\n",
      "index 7 arrays sizes ------ X:  (1062, 1000, 90)  Y:  (1062,)  Z:  (1062,)\n",
      "size of DatasetObject ------ :  (8, 3)\n"
     ]
    }
   ],
   "source": [
    "dataset_exp2 = DatasetObject()\n",
    "dataset_exp2.import_data(df_exp2_X_ls,df_exp2_y_ls,window_size=1000,slide_size=200,skip_labels=['noactivity'])"
   ]
  },
  {
   "cell_type": "code",
   "execution_count": 8,
   "metadata": {},
   "outputs": [
    {
     "name": "stdout",
     "output_type": "stream",
     "text": [
      "index 0 arrays sizes ------ X:  (4896, 1000, 90, 1)  Y:  (4896,)  Z:  (4896,)\n",
      "index 1 arrays sizes ------ X:  (3152, 1000, 90, 1)  Y:  (3152,)  Z:  (3152,)\n",
      "index 2 arrays sizes ------ X:  (2456, 1000, 90, 1)  Y:  (2456,)  Z:  (2456,)\n",
      "index 3 arrays sizes ------ X:  (3616, 1000, 90, 1)  Y:  (3616,)  Z:  (3616,)\n",
      "index 4 arrays sizes ------ X:  (3584, 1000, 90, 1)  Y:  (3584,)  Z:  (3584,)\n",
      "index 5 arrays sizes ------ X:  (2352, 1000, 90, 1)  Y:  (2352,)  Z:  (2352,)\n",
      "index 6 arrays sizes ------ X:  (2760, 1000, 90, 1)  Y:  (2760,)  Z:  (2760,)\n",
      "index 7 arrays sizes ------ X:  (2544, 1000, 90, 1)  Y:  (2544,)  Z:  (2544,)\n",
      "size of DatasetObject ------ :  (8, 3)\n",
      "index 0 arrays sizes ------ X:  (4896, 1000, 90, 1)  Y:  (4896, 8)  Z:  (4896, 8)\n",
      "index 1 arrays sizes ------ X:  (3152, 1000, 90, 1)  Y:  (3152, 8)  Z:  (3152, 8)\n",
      "index 2 arrays sizes ------ X:  (2456, 1000, 90, 1)  Y:  (2456, 8)  Z:  (2456, 8)\n",
      "index 3 arrays sizes ------ X:  (3616, 1000, 90, 1)  Y:  (3616, 8)  Z:  (3616, 8)\n",
      "index 4 arrays sizes ------ X:  (3584, 1000, 90, 1)  Y:  (3584, 8)  Z:  (3584, 8)\n",
      "index 5 arrays sizes ------ X:  (2352, 1000, 90, 1)  Y:  (2352, 8)  Z:  (2352, 8)\n",
      "index 6 arrays sizes ------ X:  (2760, 1000, 90, 1)  Y:  (2760, 8)  Z:  (2760, 8)\n",
      "index 7 arrays sizes ------ X:  (2544, 1000, 90, 1)  Y:  (2544, 8)  Z:  (2544, 8)\n",
      "size of DatasetObject ------ :  (8, 3)\n"
     ]
    }
   ],
   "source": [
    "\n",
    "dataset_exp2.data_transform(lambda arr: arr.reshape(*arr.shape,1),axis=1,col=0)\n",
    "dataset_exp2.data_transform(lambda x,y,z : utils.resampling(x,y,z,True),axis=0,col=0)\n",
    "dataset_exp2.shape()\n",
    "dataset_exp2.label_encode(1)\n",
    "dataset_exp2.label_encode(2)\n",
    "dataset_exp2.shape()"
   ]
  },
  {
   "cell_type": "code",
   "execution_count": 35,
   "metadata": {},
   "outputs": [
    {
     "data": {
      "text/plain": [
       "array([[25.21  , 31.673 , 36.939 ],\n",
       "       [41.501 , 46.801 , 49.643 ],\n",
       "       [49.711 , 49.116 , 47.137 ],\n",
       "       [48.787 , 50.065 , 50.894 ],\n",
       "       [51.328 , 50.246 , 49.998 ],\n",
       "       [45.84  , 44.117 , 41.641 ],\n",
       "       [41.26  , 42.23  , 43.246 ],\n",
       "       [45.787 , 47.848 , 47.879 ],\n",
       "       [46.031 , 44.329 , 42.432 ],\n",
       "       [40.128 , 39.158 , 36.712 ],\n",
       "       [14.012 , 18.041 , 20.926 ],\n",
       "       [25.763 , 28.761 , 29.979 ],\n",
       "       [31.028 , 31.592 , 31.785 ],\n",
       "       [33.676 , 32.465 , 32.075 ],\n",
       "       [30.91  , 27.529 , 26.225 ],\n",
       "       [22.021 , 19.813 , 17.185 ],\n",
       "       [13.338 , 10.898 ,  7.0542],\n",
       "       [ 3.9359,  2.128 ,  3.3115],\n",
       "       [ 5.6819,  7.3116,  7.9271],\n",
       "       [ 9.5463, 12.968 , 14.584 ],\n",
       "       [30.942 , 39.957 , 47.923 ],\n",
       "       [54.035 , 59.42  , 62.615 ],\n",
       "       [61.798 , 59.46  , 54.833 ],\n",
       "       [53.256 , 51.967 , 50.028 ],\n",
       "       [48.611 , 46.498 , 45.717 ],\n",
       "       [40.765 , 37.218 , 32.501 ],\n",
       "       [29.458 , 27.618 , 27.277 ],\n",
       "       [28.876 , 31.764 , 35.235 ],\n",
       "       [38.655 , 41.937 , 44.063 ],\n",
       "       [46.164 , 50.51  , 51.006 ]])"
      ]
     },
     "execution_count": 35,
     "metadata": {},
     "output_type": "execute_result"
    }
   ],
   "source": []
  },
  {
   "cell_type": "code",
   "execution_count": 37,
   "metadata": {},
   "outputs": [],
   "source": [
    "sample = pd.DataFrame(dataset_exp2.data[0,0][0,:,:],columns=[f'amp_{i}' for i in range(1,91)])\n",
    "sub_sample = pd.DataFrame(dataset_exp2.data[0,0][0,0,:].reshape(30,3),columns=[f'rx_{i}' for i in range(1,4)])"
   ]
  },
  {
   "cell_type": "code",
   "execution_count": 27,
   "metadata": {},
   "outputs": [
    {
     "data": {
      "text/plain": [
       "'sit'"
      ]
     },
     "execution_count": 27,
     "metadata": {},
     "output_type": "execute_result"
    }
   ],
   "source": [
    "label = dataset_exp2.data[0,1][0]\n",
    "label"
   ]
  },
  {
   "cell_type": "code",
   "execution_count": 49,
   "metadata": {},
   "outputs": [
    {
     "data": {
      "text/html": [
       "<div>\n",
       "<style scoped>\n",
       "    .dataframe tbody tr th:only-of-type {\n",
       "        vertical-align: middle;\n",
       "    }\n",
       "\n",
       "    .dataframe tbody tr th {\n",
       "        vertical-align: top;\n",
       "    }\n",
       "\n",
       "    .dataframe thead th {\n",
       "        text-align: right;\n",
       "    }\n",
       "</style>\n",
       "<table border=\"1\" class=\"dataframe\">\n",
       "  <thead>\n",
       "    <tr style=\"text-align: right;\">\n",
       "      <th></th>\n",
       "      <th>rx_1</th>\n",
       "      <th>rx_2</th>\n",
       "      <th>rx_3</th>\n",
       "    </tr>\n",
       "  </thead>\n",
       "  <tbody>\n",
       "    <tr>\n",
       "      <th>0</th>\n",
       "      <td>25.2100</td>\n",
       "      <td>31.6730</td>\n",
       "      <td>36.9390</td>\n",
       "    </tr>\n",
       "    <tr>\n",
       "      <th>1</th>\n",
       "      <td>41.5010</td>\n",
       "      <td>46.8010</td>\n",
       "      <td>49.6430</td>\n",
       "    </tr>\n",
       "    <tr>\n",
       "      <th>2</th>\n",
       "      <td>49.7110</td>\n",
       "      <td>49.1160</td>\n",
       "      <td>47.1370</td>\n",
       "    </tr>\n",
       "    <tr>\n",
       "      <th>3</th>\n",
       "      <td>48.7870</td>\n",
       "      <td>50.0650</td>\n",
       "      <td>50.8940</td>\n",
       "    </tr>\n",
       "    <tr>\n",
       "      <th>4</th>\n",
       "      <td>51.3280</td>\n",
       "      <td>50.2460</td>\n",
       "      <td>49.9980</td>\n",
       "    </tr>\n",
       "    <tr>\n",
       "      <th>5</th>\n",
       "      <td>45.8400</td>\n",
       "      <td>44.1170</td>\n",
       "      <td>41.6410</td>\n",
       "    </tr>\n",
       "    <tr>\n",
       "      <th>6</th>\n",
       "      <td>41.2600</td>\n",
       "      <td>42.2300</td>\n",
       "      <td>43.2460</td>\n",
       "    </tr>\n",
       "    <tr>\n",
       "      <th>7</th>\n",
       "      <td>45.7870</td>\n",
       "      <td>47.8480</td>\n",
       "      <td>47.8790</td>\n",
       "    </tr>\n",
       "    <tr>\n",
       "      <th>8</th>\n",
       "      <td>46.0310</td>\n",
       "      <td>44.3290</td>\n",
       "      <td>42.4320</td>\n",
       "    </tr>\n",
       "    <tr>\n",
       "      <th>9</th>\n",
       "      <td>40.1280</td>\n",
       "      <td>39.1580</td>\n",
       "      <td>36.7120</td>\n",
       "    </tr>\n",
       "    <tr>\n",
       "      <th>10</th>\n",
       "      <td>14.0120</td>\n",
       "      <td>18.0410</td>\n",
       "      <td>20.9260</td>\n",
       "    </tr>\n",
       "    <tr>\n",
       "      <th>11</th>\n",
       "      <td>25.7630</td>\n",
       "      <td>28.7610</td>\n",
       "      <td>29.9790</td>\n",
       "    </tr>\n",
       "    <tr>\n",
       "      <th>12</th>\n",
       "      <td>31.0280</td>\n",
       "      <td>31.5920</td>\n",
       "      <td>31.7850</td>\n",
       "    </tr>\n",
       "    <tr>\n",
       "      <th>13</th>\n",
       "      <td>33.6760</td>\n",
       "      <td>32.4650</td>\n",
       "      <td>32.0750</td>\n",
       "    </tr>\n",
       "    <tr>\n",
       "      <th>14</th>\n",
       "      <td>30.9100</td>\n",
       "      <td>27.5290</td>\n",
       "      <td>26.2250</td>\n",
       "    </tr>\n",
       "    <tr>\n",
       "      <th>15</th>\n",
       "      <td>22.0210</td>\n",
       "      <td>19.8130</td>\n",
       "      <td>17.1850</td>\n",
       "    </tr>\n",
       "    <tr>\n",
       "      <th>16</th>\n",
       "      <td>13.3380</td>\n",
       "      <td>10.8980</td>\n",
       "      <td>7.0542</td>\n",
       "    </tr>\n",
       "    <tr>\n",
       "      <th>17</th>\n",
       "      <td>3.9359</td>\n",
       "      <td>2.1280</td>\n",
       "      <td>3.3115</td>\n",
       "    </tr>\n",
       "    <tr>\n",
       "      <th>18</th>\n",
       "      <td>5.6819</td>\n",
       "      <td>7.3116</td>\n",
       "      <td>7.9271</td>\n",
       "    </tr>\n",
       "    <tr>\n",
       "      <th>19</th>\n",
       "      <td>9.5463</td>\n",
       "      <td>12.9680</td>\n",
       "      <td>14.5840</td>\n",
       "    </tr>\n",
       "    <tr>\n",
       "      <th>20</th>\n",
       "      <td>30.9420</td>\n",
       "      <td>39.9570</td>\n",
       "      <td>47.9230</td>\n",
       "    </tr>\n",
       "    <tr>\n",
       "      <th>21</th>\n",
       "      <td>54.0350</td>\n",
       "      <td>59.4200</td>\n",
       "      <td>62.6150</td>\n",
       "    </tr>\n",
       "    <tr>\n",
       "      <th>22</th>\n",
       "      <td>61.7980</td>\n",
       "      <td>59.4600</td>\n",
       "      <td>54.8330</td>\n",
       "    </tr>\n",
       "    <tr>\n",
       "      <th>23</th>\n",
       "      <td>53.2560</td>\n",
       "      <td>51.9670</td>\n",
       "      <td>50.0280</td>\n",
       "    </tr>\n",
       "    <tr>\n",
       "      <th>24</th>\n",
       "      <td>48.6110</td>\n",
       "      <td>46.4980</td>\n",
       "      <td>45.7170</td>\n",
       "    </tr>\n",
       "    <tr>\n",
       "      <th>25</th>\n",
       "      <td>40.7650</td>\n",
       "      <td>37.2180</td>\n",
       "      <td>32.5010</td>\n",
       "    </tr>\n",
       "    <tr>\n",
       "      <th>26</th>\n",
       "      <td>29.4580</td>\n",
       "      <td>27.6180</td>\n",
       "      <td>27.2770</td>\n",
       "    </tr>\n",
       "    <tr>\n",
       "      <th>27</th>\n",
       "      <td>28.8760</td>\n",
       "      <td>31.7640</td>\n",
       "      <td>35.2350</td>\n",
       "    </tr>\n",
       "    <tr>\n",
       "      <th>28</th>\n",
       "      <td>38.6550</td>\n",
       "      <td>41.9370</td>\n",
       "      <td>44.0630</td>\n",
       "    </tr>\n",
       "    <tr>\n",
       "      <th>29</th>\n",
       "      <td>46.1640</td>\n",
       "      <td>50.5100</td>\n",
       "      <td>51.0060</td>\n",
       "    </tr>\n",
       "  </tbody>\n",
       "</table>\n",
       "</div>"
      ],
      "text/plain": [
       "       rx_1     rx_2     rx_3\n",
       "0   25.2100  31.6730  36.9390\n",
       "1   41.5010  46.8010  49.6430\n",
       "2   49.7110  49.1160  47.1370\n",
       "3   48.7870  50.0650  50.8940\n",
       "4   51.3280  50.2460  49.9980\n",
       "5   45.8400  44.1170  41.6410\n",
       "6   41.2600  42.2300  43.2460\n",
       "7   45.7870  47.8480  47.8790\n",
       "8   46.0310  44.3290  42.4320\n",
       "9   40.1280  39.1580  36.7120\n",
       "10  14.0120  18.0410  20.9260\n",
       "11  25.7630  28.7610  29.9790\n",
       "12  31.0280  31.5920  31.7850\n",
       "13  33.6760  32.4650  32.0750\n",
       "14  30.9100  27.5290  26.2250\n",
       "15  22.0210  19.8130  17.1850\n",
       "16  13.3380  10.8980   7.0542\n",
       "17   3.9359   2.1280   3.3115\n",
       "18   5.6819   7.3116   7.9271\n",
       "19   9.5463  12.9680  14.5840\n",
       "20  30.9420  39.9570  47.9230\n",
       "21  54.0350  59.4200  62.6150\n",
       "22  61.7980  59.4600  54.8330\n",
       "23  53.2560  51.9670  50.0280\n",
       "24  48.6110  46.4980  45.7170\n",
       "25  40.7650  37.2180  32.5010\n",
       "26  29.4580  27.6180  27.2770\n",
       "27  28.8760  31.7640  35.2350\n",
       "28  38.6550  41.9370  44.0630\n",
       "29  46.1640  50.5100  51.0060"
      ]
     },
     "execution_count": 49,
     "metadata": {},
     "output_type": "execute_result"
    }
   ],
   "source": [
    "sub_sample"
   ]
  },
  {
   "cell_type": "code",
   "execution_count": 60,
   "metadata": {},
   "outputs": [
    {
     "data": {
      "text/plain": [
       "array([26.788 , 33.232 , 38.542 , 43.185 , 49.298 , 52.024 , 52.588 ,\n",
       "       52.114 , 49.625 , 51.799 , 53.903 , 54.692 , 54.611 , 54.406 ,\n",
       "       53.741 , 49.406 , 47.182 , 44.933 , 44.207 , 45.153 , 46.176 ,\n",
       "       48.549 , 50.73  , 51.025 , 49.354 , 47.289 , 44.892 , 43.004 ,\n",
       "       41.585 , 39.007 , 16.044 , 20.26  , 23.505 , 28.228 , 31.286 ,\n",
       "       32.636 , 32.957 , 33.383 , 32.922 , 34.496 , 33.069 , 32.158 ,\n",
       "       30.72  , 27.574 , 26.119 , 21.651 , 19.122 , 16.708 , 12.998 ,\n",
       "       10.159 ,  7.6187,  5.8608,  5.9129,  7.376 ,  9.5139, 10.719 ,\n",
       "       11.013 , 12.174 , 15.477 , 17.145 , 31.636 , 40.206 , 48.182 ,\n",
       "       53.635 , 59.781 , 62.316 , 61.57  , 58.465 , 53.172 , 51.109 ,\n",
       "       49.749 , 47.709 , 45.704 , 44.092 , 43.069 , 37.76  , 34.078 ,\n",
       "       29.209 , 26.388 , 24.722 , 24.843 , 27.007 , 30.891 , 34.963 ,\n",
       "       38.88  , 42.512 , 44.956 , 46.817 , 51.522 , 52.197 ])"
      ]
     },
     "execution_count": 60,
     "metadata": {},
     "output_type": "execute_result"
    }
   ],
   "source": [
    "dataset_exp2.data[0,0][0,i,:]"
   ]
  },
  {
   "cell_type": "code",
   "execution_count": 79,
   "metadata": {},
   "outputs": [
    {
     "data": {
      "text/plain": [
       "(1000, 90)"
      ]
     },
     "execution_count": 79,
     "metadata": {},
     "output_type": "execute_result"
    }
   ],
   "source": [
    "dataset_exp2.data[0,0][0,:,:].shape"
   ]
  },
  {
   "cell_type": "code",
   "execution_count": 73,
   "metadata": {},
   "outputs": [
    {
     "name": "stdout",
     "output_type": "stream",
     "text": [
      "[9.74455759e-01 2.51289151e-02 4.15325837e-04]\n",
      "[9.74483292e-01 2.51126012e-02 4.04106376e-04]\n",
      "[9.74503439e-01 2.51021977e-02 3.94363422e-04]\n",
      "[9.74522404e-01 2.50931549e-02 3.84441531e-04]\n",
      "[9.74531033e-01 2.50925451e-02 3.76421381e-04]\n",
      "[9.74529491e-01 2.50998297e-02 3.70679052e-04]\n",
      "[9.74522322e-01 2.51109115e-02 3.66766110e-04]\n",
      "[9.74530750e-01 2.51064265e-02 3.62823332e-04]\n",
      "[9.74546050e-01 2.50953152e-02 3.58635096e-04]\n",
      "[9.74566934e-01 2.50787332e-02 3.54332980e-04]\n",
      "[9.74587490e-01 2.50620475e-02 3.50462346e-04]\n",
      "[9.74600077e-01 2.50521825e-02 3.47739997e-04]\n",
      "[9.74609114e-01 2.50449067e-02 3.45979133e-04]\n",
      "[9.74615679e-01 2.50391848e-02 3.45136705e-04]\n",
      "[9.74619598e-01 2.50350753e-02 3.45326995e-04]\n",
      "[9.74624319e-01 2.50296104e-02 3.46070258e-04]\n",
      "[9.74628648e-01 2.50233896e-02 3.47962491e-04]\n",
      "[9.74623939e-01 2.50249028e-02 3.51158030e-04]\n",
      "[9.74615617e-01 2.50287230e-02 3.55660281e-04]\n",
      "[9.74602869e-01 2.50343186e-02 3.62812629e-04]\n",
      "[9.74583058e-01 2.50451217e-02 3.71819914e-04]\n",
      "[9.74556349e-01 2.50605929e-02 3.83057946e-04]\n",
      "[9.74522551e-01 2.50826053e-02 3.94843996e-04]\n",
      "[9.74486761e-01 2.51142346e-02 3.99004291e-04]\n",
      "[9.74448114e-01 2.51526098e-02 3.99275945e-04]\n",
      "[9.74408312e-01 2.51934526e-02 3.98235116e-04]\n",
      "[9.74363292e-01 2.52408166e-02 3.95891432e-04]\n",
      "[9.74313303e-01 2.52924699e-02 3.94226662e-04]\n",
      "[9.74258335e-01 2.53492568e-02 3.92407977e-04]\n",
      "[9.74198130e-01 2.54119378e-02 3.89931813e-04]\n",
      "[9.74134243e-01 2.54781624e-02 3.87594733e-04]\n",
      "[9.74073251e-01 2.55394583e-02 3.87291002e-04]\n",
      "[9.74009526e-01 2.56017876e-02 3.88686046e-04]\n",
      "[9.73939197e-01 2.56703702e-02 3.90432369e-04]\n",
      "[9.73865891e-01 2.57407367e-02 3.93371953e-04]\n",
      "[9.73783394e-01 2.58190275e-02 3.97578287e-04]\n",
      "[9.73696800e-01 2.59002239e-02 4.02976313e-04]\n",
      "[9.73601103e-01 2.59887410e-02 4.10155759e-04]\n",
      "[9.73504280e-01 2.60780731e-02 4.17647337e-04]\n",
      "[9.73419807e-01 2.61625966e-02 4.17596021e-04]\n",
      "[9.73342182e-01 2.62435983e-02 4.14219491e-04]\n",
      "[9.73265474e-01 2.63256803e-02 4.08845501e-04]\n",
      "[9.73192020e-01 2.64055635e-02 4.02416137e-04]\n",
      "[9.73123074e-01 2.64789916e-02 3.97933952e-04]\n",
      "[9.73055558e-01 2.65505883e-02 3.93853412e-04]\n",
      "[9.72991937e-01 2.66182588e-02 3.89804234e-04]\n",
      "[9.72925866e-01 2.66881702e-02 3.85963654e-04]\n",
      "[9.72841925e-01 2.67759523e-02 3.82123233e-04]\n",
      "[9.72748436e-01 2.68727064e-02 3.78857075e-04]\n",
      "[9.72659544e-01 2.69632557e-02 3.77200470e-04]\n",
      "[9.72568358e-01 2.70550984e-02 3.76543368e-04]\n",
      "[9.72465361e-01 2.71573519e-02 3.77286845e-04]\n",
      "[9.72362091e-01 2.72584874e-02 3.79421250e-04]\n",
      "[9.72251921e-01 2.73648295e-02 3.83249257e-04]\n",
      "[9.72151759e-01 2.74602015e-02 3.88039878e-04]\n",
      "[9.72119976e-01 2.74902843e-02 3.89739254e-04]\n",
      "[9.72119419e-01 2.74907274e-02 3.89853253e-04]\n",
      "[9.72134868e-01 2.74755876e-02 3.89544599e-04]\n",
      "[9.72166880e-01 2.74444970e-02 3.88622728e-04]\n",
      "[9.72195868e-01 2.74161796e-02 3.87952277e-04]\n",
      "[9.72232294e-01 2.73804319e-02 3.87274164e-04]\n",
      "[9.72277740e-01 2.73357703e-02 3.86490046e-04]\n",
      "[9.72325680e-01 2.72880520e-02 3.86268368e-04]\n",
      "[9.72365697e-01 2.72459139e-02 3.88389043e-04]\n",
      "[9.72402374e-01 2.72054000e-02 3.92225997e-04]\n",
      "[9.72438267e-01 2.71654073e-02 3.96325854e-04]\n",
      "[9.72469260e-01 2.71292186e-02 4.01520995e-04]\n",
      "[9.72506699e-01 2.70842004e-02 4.09100596e-04]\n",
      "[9.72541136e-01 2.70410955e-02 4.17768299e-04]\n",
      "[9.72570503e-01 2.70011342e-02 4.28362870e-04]\n",
      "[9.72600217e-01 2.69608691e-02 4.38914362e-04]\n",
      "[9.72636932e-01 2.69247946e-02 4.38272949e-04]\n",
      "[9.72677726e-01 2.68901062e-02 4.32167890e-04]\n",
      "[9.72724282e-01 2.68519751e-02 4.23742922e-04]\n",
      "[9.72770790e-01 2.68156388e-02 4.13571580e-04]\n",
      "[9.72807335e-01 2.67882610e-02 4.04404089e-04]\n",
      "[9.72838632e-01 2.67654252e-02 3.95942410e-04]\n",
      "[9.72869559e-01 2.67442891e-02 3.86151689e-04]\n",
      "[9.72898684e-01 2.67244934e-02 3.76823044e-04]\n",
      "[9.72946214e-01 2.66859602e-02 3.67825490e-04]\n",
      "[9.72998301e-01 2.66417266e-02 3.59972325e-04]\n",
      "[9.73042869e-01 2.66038708e-02 3.53259824e-04]\n",
      "[9.73084301e-01 2.65677569e-02 3.47941932e-04]\n",
      "[9.73128209e-01 2.65286178e-02 3.43173183e-04]\n",
      "[9.73164364e-01 2.64958403e-02 3.39795461e-04]\n",
      "[9.73200904e-01 2.64608729e-02 3.38223467e-04]\n",
      "[9.73225567e-01 2.64366470e-02 3.37785567e-04]\n",
      "[9.73210534e-01 2.64550265e-02 3.34439077e-04]\n",
      "[9.73176157e-01 2.64941102e-02 3.29732471e-04]\n",
      "[9.73132041e-01 2.65430921e-02 3.24866916e-04]\n",
      "[9.73075450e-01 2.66047819e-02 3.19767695e-04]\n",
      "[9.73026168e-01 2.66587207e-02 3.15111489e-04]\n",
      "[9.72972004e-01 2.67169648e-02 3.11031346e-04]\n",
      "[9.72913877e-01 2.67788229e-02 3.07300243e-04]\n",
      "[9.72851595e-01 2.68441946e-02 3.04210473e-04]\n",
      "[9.72773312e-01 2.69246059e-02 3.02082569e-04]\n",
      "[9.72688765e-01 2.70101215e-02 3.01113660e-04]\n",
      "[9.72605395e-01 2.70938128e-02 3.00792447e-04]\n",
      "[9.72521240e-01 2.71771235e-02 3.01636168e-04]\n",
      "[9.72420450e-01 2.72755240e-02 3.04025653e-04]\n"
     ]
    }
   ],
   "source": [
    "from sklearn.decomposition import PCA\n",
    "\n",
    "\n",
    "for i in range(100):\n",
    "    s = dataset_exp2.data[0,0][0,:,:].reshape(30,3)\n",
    "    pca = PCA()\n",
    "    pca.fit(s)\n",
    "    print(pca.explained_variance_ratio_)"
   ]
  },
  {
   "cell_type": "code",
   "execution_count": 47,
   "metadata": {},
   "outputs": [],
   "source": [
    "matrix = np.zeros(shape=(90,90))"
   ]
  },
  {
   "cell_type": "code",
   "execution_count": 58,
   "metadata": {},
   "outputs": [],
   "source": [
    "s = dataset_exp2.data[0,0][0,i,:].reshape(30,3)"
   ]
  },
  {
   "cell_type": "code",
   "execution_count": 52,
   "metadata": {},
   "outputs": [
    {
     "data": {
      "text/plain": [
       "0.9"
      ]
     },
     "execution_count": 52,
     "metadata": {},
     "output_type": "execute_result"
    }
   ],
   "source": [
    "9e-1"
   ]
  },
  {
   "cell_type": "code",
   "execution_count": null,
   "metadata": {},
   "outputs": [],
   "source": []
  }
 ],
 "metadata": {
  "kernelspec": {
   "display_name": "Python 3",
   "language": "python",
   "name": "python3"
  },
  "language_info": {
   "codemirror_mode": {
    "name": "ipython",
    "version": 3
   },
   "file_extension": ".py",
   "mimetype": "text/x-python",
   "name": "python",
   "nbconvert_exporter": "python",
   "pygments_lexer": "ipython3",
   "version": "3.7.3"
  }
 },
 "nbformat": 4,
 "nbformat_minor": 2
}
